$ANSIBLE_VAULT;1.1;AES256
38313134306435663533663432323235656134386165663863616537353231356538623232643330
6631363563366232393936656334623764613334343738320a633461303337386464616235316433
31363735623661666337363565333532633231383033663764626431333362323234633934386166
3463633337616634330a343765306663393262323835383866316138363265653063353735346338
33356466373566643439386365633233383266376438333665363966376666666266356665393766
35656433636531643830653138666134356164613530393237366230653661343966333330626438
37383435636166333633353639323638336631616636343130633463643831613036653761383635
63386333393361393637356333316362333531396563383765376131666464613165353665633631
32616262336366316533393336383038313962616362303936313232666366633664323635303065
34386365623931363765323137643366366365633332653438363234623436326538396130613436
37333836343261643137333064393261643336346433306633386237653439333766303661616361
31363664346538373434363231636664633736343233353565343564316530643433383635616266
63663835356439646332613436616437613835346465366564373336626163303038376265643832
61393764333262663732303530343539646463373366303763303630616461333132613632646335
62363236376234343235656238336632396335366165303335393235303062663237666364613432
31623664393935616435383433336330363138623132373131613035303962616630666233613737
64623133386538316436633239613333393736323361376664383432633962643532383632383464
61613031666232396432323836333461653337313466366161643031616639643365616534333336
30313131393563623565383835626164323838623634663233326165386362336464393435633263
39656464643734386130326466333639623864363338396166616562373063643664313664333163
32346435366166313532653733626431386235623636343662636661343130626535616461663438
63356234636362643938303366613130323363633964653532623832653730333161613637386133
37343065343862373138613038663864313236613831626134636131363332373964303936383663
37623633666466663762396534636564326338376236613132306439303239343136313737323530
39613437373031626438333464313163353338346561626338363031343666323530303331353962
64623030303536623762616637313939656363316338373137633730663366363531366633323937
36346231613366323934336632356463633635663463643436396561343437616431373439393166
32306134613666663632326632616466346536353539386361323330356130653938353535386463
39373039363636393132623338303232346162653262636264636635643265333733386465666332
65356163643765316437336631383732643834373939333564386435376363666538643836666535
36646130663363336533333063386564326165653330633839653330663363623561636130316139
31353733383731326638303931306436343938666430343139663639633131373332393465393433
62376538373666316132343332623531306632663265356466366364366666633265376362316166
66333435356539633161373166633635623039323036393536616466643532346464356132313231
64303262653132663235366334663566363437366136303762396463373633383630646637663839
30383564633537376263316537383430343830326639353332323630313034626230333061353135
62653137613163636238303963653935616436386466373535343136376136356561383431323339
39613632363231633934323363623936643266613362306135326435346465656364363330323364
36333161613936666466303566643166386334643130393165333264393535356363343861666362
38376232303437646462626331366632326434666633646364613433646633333735356539336432
63663563333033333564363338653030643936333239613735653332653066613533643833316665
30343261386439356339393231373163376334653164643566383236383338383963643363313638
39323538663862306661323535366462366165343663353332323764316666633962666539363039
30613831653761323939376532396333343365303733356331343365353032303736636330383564
31323766633139643539353863653362616138616331343361333439373930393162616636613161
38616132663963613432653236626664656635633464666266643430656133653736356434346635
62616637326334663266363237316563613136333831313537316564333433313535333962393530
34393132373432396231363736383133323037363962643038333437353231323035373436623437
31653963353162323233643133646662353561666634646633303638336431383936376634663261
66326434353437326533653264393738623434633637313063353666393263383763646432346434
30653533636235656565313466333630636666383532306661626465313664363038353363396263
38303230613565326362353461393436313863666265383333363734343666663832633338346335
64666133636539613436383439313530346438303836643334613934633832383934656534646537
36656464626235303837386561616362386635313662623366623934653931633839333463326264
31303363653664393034323536333936376437346464313636356263323432633631313730363164
34623962663863313561643139396531313361336661306238393232396438376130323535343934
66343132656535643932343630346530336365383931353563636236306435363633386336343138
30306463636366386534626532316631653633386666393266383663666133636465326566353265
32643532306262376166386335653362303865656365316661633764303838336564356235643836
31383161343939646338643162646566336230646538663534616435333937393539643733646365
63646261626366346361623231616430633666323437396330313638646462663430363436663937
39623533373836373034356232373933333039333232636666633561316531656164656336316563
34633661613735636663356234643561343664316365353430383039343761333662616239396134
63386663633636623835386366396237396464653663636139393863633666363235373339303738
63333738376534386530326632316363363632373034313430663833356131636230323337663065
33376137653538316662363666623730663465356331633530346537613665383033633537333332
30353739333533363539346565626132643035303662356564323631336161666130376366336333
38643835623064353366383765613837326534363938303337646565613238663766363763616632
63346263613032643334343634363830623163343637343566643534613562643133363730646463
30326334666133356362626533396637616165356336613834373837353030663065373933336337
66623332393862653165356235633934316235626366663561633732383666376462636437633963
30613735376162643236383436636432303365303635643161333863393637623933373063623361
33363430376138303563333732376164633037626231623930316430383531623238663439376339
35306534623132656238343436666231316163646337323362616661343366626366333562623634
39636433343964383231346138316634653334636538383964326233333562636532386635663135
62326631613130373566343561316663373862633830636661646366646339363731326238393833
39393666633861613462323536613164323536656662646262343865633933376536326631393833
34616463663931393334363764343437666433323461623230393533343134353464343739306636
63326639613430386436663734633863383863353735663866316166373165343664623764616431
61643437323438643163373466346237383639393234636137656666373036346639663465313935
65663039343438643834646230663462643464643439306130656366353465326665373134656362
36373836613861316537336665646335633162366431303065633335626566353737303737316339
30303666306636333237323566663362343338363436353266386433306539616135613166366339
39643832376130663462383862303236333638326339346461383062313438343232613266323632
34373561363133353662323635663131656462636335623465333739356562633462376364663731
30633832323934316534326361303634393037646438333163346562303761353436373035643765
38616435616465356563326138623434323166623233396264366233313833353665613465353435
38653066633162656464613066313865613130343433346464643161306330613131626265616538
35656534373435356631396532336164396532613764343663613361636534626431333339343832
39306630393064393638666336613230343731626538633737643932633264336563666638656336
376331373233313038383034323435383535
